100
50 1275
50 1275
50 1275
50 1275
50 1275
50 1275
50 1275
50 1275
50 1275
50 1275
50 1275
50 1275
50 1275
50 1275
50 1275
50 1275
50 1275
50 1275
50 1275
50 1275
50 1275
50 1275
50 1275
50 1275
50 1275
50 1275
50 1275
50 1275
50 1275
50 1275
50 1275
50 1275
50 1275
50 1275
50 1275
50 1275
50 1275
50 1275
50 1275
50 1275
50 1275
50 1275
50 1275
50 1275
50 1275
50 1275
50 1275
50 1275
50 1275
50 1275
50 1275
50 1275
50 1275
50 1275
50 1275
50 1275
50 1275
50 1275
50 1275
50 1275
50 1275
50 1275
50 1275
50 1275
50 1275
50 1275
50 1275
50 1275
50 1275
50 1275
50 1275
50 1275
50 1275
50 1275
50 1275
50 1275
50 1275
50 1275
50 1275
50 1275
50 1275
50 1275
50 1275
50 1275
50 1275
50 1275
50 1275
50 1275
50 1275
50 1275
50 1275
50 1275
50 1275
50 1275
50 1275
50 1275
50 1275
50 1275
50 1275
50 1275
