100
999999001
999999001
999999001
999999001
999999001
999999001
999999001
999999001
999999001
999999001
999999001
999999001
999999001
999999001
999999001
999999001
999999001
999999001
999999001
999999001
999999001
999999001
999999001
999999001
999999001
999999001
999999001
999999001
999999001
999999001
999999001
999999001
999999001
999999001
999999001
999999001
999999001
999999001
999999001
999999001
999999001
999999001
999999001
999999001
999999001
999999001
999999001
999999001
999999001
999999001
999999001
999999001
999999001
999999001
999999001
999999001
999999001
999999001
999999001
999999001
999999001
999999001
999999001
999999001
999999001
999999001
999999001
999999001
999999001
999999001
999999001
999999001
999999001
999999001
999999001
999999001
999999001
999999001
999999001
999999001
999999001
999999001
999999001
999999001
999999001
999999001
999999001
999999001
999999001
999999001
999999001
999999001
999999001
999999001
999999001
999999001
999999001
999999001
999999001
999999001
