(1 500 0)
 (449 499 1)
  (485 498 2)
   (427 497 3)
    (25 496 4)
     (50 495 5)
      (331 494 6)
       (457 493 7)
        (196 492 8)
         (230 491 9)
          (333 490 10)
           (34 489 11)
            (474 488 12)
             (45 487 13)
              (290 486 14)
               (372 485 15)
                (432 484 16)
                 (282 483 17)
                  (21 2 18)
                   (272 1 19)
                  (499 480 18)
                   (292 479 19)
                    (407 1 20)
                    (374 477 20)
                     (201 476 21)
                      (176 475 22)
                       (146 474 23)
                        (396 473 24)
                         (16 472 25)
                          (461 471 26)
                           (406 470 27)
                            (434 1 28)
                            (444 2 28)
                             (486 1 29)
                            (306 466 28)
                             (164 465 29)
                              (324 464 30)
                               (105 463 31)
                                (64 462 32)
                                 (395 461 33)
                                  (144 460 34)
                                   (448 1 35)
                                   (74 458 35)
                                    (133 455 36)
                                     (100 454 37)
                                      (89 453 38)
                                       (132 452 39)
                                        (328 449 40)
                                         (124 1 41)
                                         (362 447 41)
                                          (497 446 42)
                                           (208 445 43)
                                            (369 444 44)
                                             (356 1 45)
                                             (302 439 45)
                                              (96 438 46)
                                               (452 437 47)
                                                (180 1 48)
                                                (278 435 48)
                                                 (102 2 49)
                                                  (259 1 50)
                                                 (422 432 49)
                                                  (289 3 50)
                                                   (274 2 51)
                                                    (83 1 52)
                                                  (149 428 50)
                                                   (475 427 51)
                                                    (410 426 52)
                                                     (323 425 53)
                                                      (219 422 54)
                                                       (433 421 55)
                                                        (423 420 56)
                                                         (223 2 57)
                                                          (440 1 58)
                                                         (98 1 57)
                                                         (216 415 57)
                                                          (127 410 58)
                                                           (229 409 59)
                                                            (135 408 60)
                                                             (293 407 61)
                                                              (332 406 62)
                                                               (241 1 63)
                                                               (69 397 63)
                                                                (209 393 64)
                                                                 (103 389 65)
                                                                  (320 388 66)
                                                                   (190 1 67)
                                                                   (163 1 67)
                                                                   (384 3 67)
                                                                    (142 2 68)
                                                                     (273 1 69)
                                                                   (355 382 67)
                                                                    (338 2 68)
                                                                     (489 1 69)
                                                                    (350 374 68)
                                                                     (315 373 69)
                                                                      (120 372 70)
                                                                       (480 371 71)
                                                                        (211 370 72)
                                                                         (46 1 73)
                                                                         (391 368 73)
                                                                          (493 367 74)
                                                                           (119 366 75)
                                                                            (15 365 76)
                                                                             (202 341 77)
                                                                              (29 340 78)
                                                                               (498 339 79)
                                                                                (9 338 80)
                                                                                 (67 337 81)
                                                                                  (86 336 82)
                                                                                   (141 318 83)
                                                                                    (185 317 84)
                                                                                     (359 1 85)
                                                                                     (113 315 85)
                                                                                      (303 314 86)
                                                                                       (317 313 87)
                                                                                        (63 1 88)
                                                                                        (294 2 88)
                                                                                         (488 1 89)
                                                                                        (262 309 88)
                                                                                         (162 306 89)
                                                                                          (279 305 90)
                                                                                           (477 2 91)
                                                                                            (160 1 92)
                                                                                           (59 302 91)
                                                                                            (11 2 92)
                                                                                             (173 1 93)
                                                                                            (275 26 92)
                                                                                             (460 25 93)
                                                                                              (236 23 94)
                                                                                               (429 21 95)
                                                                                                (175 20 96)
                                                                                                 (382 6 97)
                                                                                                  (308 1 98)
                                                                                                  (55 4 98)
                                                                                                   (2 3 99)
                                                                                                    (81 1 100)
                                                                                                    (179 1 100)
                                                                                                 (136 13 97)
                                                                                                  (42 11 98)
                                                                                                   (58 1 99)
                                                                                                   (168 9 99)
                                                                                                    (174 1 100)
                                                                                                    (167 7 100)
                                                                                                     (409 6 101)
                                                                                                      (145 5 102)
                                                                                                       (82 4 103)
                                                                                                        (455 3 104)
                                                                                                         (288 2 105)
                                                                                                          (330 1 106)
                                                                                                  (104 1 98)
                                                                                               (27 1 95)
                                                                                              (53 1 94)
                                                                                            (442 273 92)
                                                                                             (153 258 93)
                                                                                              (117 251 94)
                                                                                               (456 250 95)
                                                                                                (301 249 96)
                                                                                                 (463 1 97)
                                                                                                 (381 11 97)
                                                                                                  (416 10 98)
                                                                                                   (237 1 99)
                                                                                                   (38 8 99)
                                                                                                    (19 7 100)
                                                                                                     (253 1 101)
                                                                                                     (123 3 101)
                                                                                                      (165 2 102)
                                                                                                       (172 1 103)
                                                                                                     (276 2 101)
                                                                                                      (12 1 102)
                                                                                                 (400 236 97)
                                                                                                  (478 235 98)
                                                                                                   (471 234 99)
                                                                                                    (234 233 100)
                                                                                                     (43 232 101)
                                                                                                      (177 231 102)
                                                                                                       (68 228 103)
                                                                                                        (371 227 104)
                                                                                                         (107 46 105)
                                                                                                          (377 45 106)
                                                                                                           (397 44 107)
                                                                                                            (495 5 108)
                                                                                                             (354 1 109)
                                                                                                             (408 2 109)
                                                                                                              (393 1 110)
                                                                                                             (246 1 109)
                                                                                                            (80 38 108)
                                                                                                             (312 1 109)
                                                                                                             (150 36 109)
                                                                                                              (265 35 110)
                                                                                                               (446 1 111)
                                                                                                               (189 4 111)
                                                                                                                (405 3 112)
                                                                                                                 (97 1 113)
                                                                                                                 (139 1 113)
                                                                                                               (157 29 111)
                                                                                                                (212 28 112)
                                                                                                                 (56 27 113)
                                                                                                                  (84 1 114)
                                                                                                                  (285 24 114)
                                                                                                                   (130 23 115)
                                                                                                                    (57 2 116)
                                                                                                                     (213 1 117)
                                                                                                                    (249 20 116)
                                                                                                                     (143 19 117)
                                                                                                                      (491 18 118)
                                                                                                                       (108 1 119)
                                                                                                                       (437 16 119)
                                                                                                                        (40 1 120)
                                                                                                                        (346 14 120)
                                                                                                                         (35 13 121)
                                                                                                                          (32 12 122)
                                                                                                                           (77 4 123)
                                                                                                                            (161 3 124)
                                                                                                                             (199 1 125)
                                                                                                                             (318 1 125)
                                                                                                                           (257 3 123)
                                                                                                                            (178 2 124)
                                                                                                                             (430 1 125)
                                                                                                                           (233 4 123)
                                                                                                                            (435 1 124)
                                                                                                                            (126 2 124)
                                                                                                                             (458 1 125)
                                                                                                                  (121 1 114)
                                                                                                         (250 180 105)
                                                                                                          (242 179 106)
                                                                                                           (316 2 107)
                                                                                                            (269 1 108)
                                                                                                           (357 2 107)
                                                                                                            (268 1 108)
                                                                                                           (322 174 107)
                                                                                                            (116 2 108)
                                                                                                             (152 1 109)
                                                                                                            (398 171 108)
                                                                                                             (238 150 109)
                                                                                                              (106 1 110)
                                                                                                              (280 2 110)
                                                                                                               (337 1 111)
                                                                                                              (222 146 110)
                                                                                                               (206 2 111)
                                                                                                                (339 1 112)
                                                                                                               (110 141 111)
                                                                                                                (79 2 112)
                                                                                                                 (319 1 113)
                                                                                                                (419 138 112)
                                                                                                                 (6 137 113)
                                                                                                                  (5 136 114)
                                                                                                                   (218 135 115)
                                                                                                                    (231 134 116)
                                                                                                                     (271 133 117)
                                                                                                                      (37 132 118)
                                                                                                                       (18 131 119)
                                                                                                                        (418 130 120)
                                                                                                                         (368 3 121)
                                                                                                                          (182 2 122)
                                                                                                                           (214 1 123)
                                                                                                                         (194 126 121)
                                                                                                                          (443 1 122)
                                                                                                                          (99 124 122)
                                                                                                                           (314 123 123)
                                                                                                                            (344 122 124)
                                                                                                                             (8 111 125)
                                                                                                                              (358 58 126)
                                                                                                                               (420 57 127)
                                                                                                                                (425 53 128)
                                                                                                                                 (336 23 129)
                                                                                                                                  (148 22 130)
                                                                                                                                   (367 6 131)
                                                                                                                                    (487 5 132)
                                                                                                                                     (128 4 133)
                                                                                                                                      (13 2 134)
                                                                                                                                       (363 1 135)
                                                                                                                                      (183 1 134)
                                                                                                                                   (255 1 131)
                                                                                                                                   (417 13 131)
                                                                                                                                    (494 10 132)
                                                                                                                                     (459 4 133)
                                                                                                                                      (287 1 134)
                                                                                                                                      (76 2 134)
                                                                                                                                       (466 1 135)
                                                                                                                                     (349 5 133)
                                                                                                                                      (327 4 134)
                                                                                                                                       (207 1 135)
                                                                                                                                       (310 2 135)
                                                                                                                                        (52 1 136)
                                                                                                                                    (247 2 132)
                                                                                                                                     (462 1 133)
                                                                                                                                   (111 1 131)
                                                                                                                                 (360 29 129)
                                                                                                                                  (311 28 130)
                                                                                                                                   (283 27 131)
                                                                                                                                    (36 26 132)
                                                                                                                                     (232 25 133)
                                                                                                                                      (392 24 134)
                                                                                                                                       (426 23 135)
                                                                                                                                        (215 22 136)
                                                                                                                                         (492 20 137)
                                                                                                                                          (147 17 138)
                                                                                                                                           (364 16 139)
                                                                                                                                            (138 15 140)
                                                                                                                                             (464 9 141)
                                                                                                                                              (412 8 142)
                                                                                                                                               (348 5 143)
                                                                                                                                                (375 1 144)
                                                                                                                                                (470 3 144)
                                                                                                                                                 (399 2 145)
                                                                                                                                                  (428 1 146)
                                                                                                                                               (379 1 143)
                                                                                                                                               (17 1 143)
                                                                                                                                             (3 5 141)
                                                                                                                                              (441 4 142)
                                                                                                                                               (20 2 143)
                                                                                                                                                (75 1 144)
                                                                                                                                               (376 1 143)
                                                                                                                                          (118 2 138)
                                                                                                                                           (496 1 139)
                                                                                                                                         (226 1 137)
                                                                                                                                (431 3 128)
                                                                                                                                 (171 2 129)
                                                                                                                                  (296 1 130)
                                                                                                                              (347 52 126)
                                                                                                                               (454 51 127)
                                                                                                                                (221 50 128)
                                                                                                                                 (326 49 129)
                                                                                                                                  (304 1 130)
                                                                                                                                  (263 1 130)
                                                                                                                                  (131 46 130)
                                                                                                                                   (122 45 131)
                                                                                                                                    (151 43 132)
                                                                                                                                     (277 42 133)
                                                                                                                                      (114 26 134)
                                                                                                                                       (404 25 135)
                                                                                                                                        (155 22 136)
                                                                                                                                         (335 21 137)
                                                                                                                                          (197 20 138)
                                                                                                                                           (436 19 139)
                                                                                                                                            (159 18 140)
                                                                                                                                             (402 2 141)
                                                                                                                                              (93 1 142)
                                                                                                                                             (451 14 141)
                                                                                                                                              (447 4 142)
                                                                                                                                               (450 1 143)
                                                                                                                                               (281 2 143)
                                                                                                                                                (373 1 144)
                                                                                                                                              (424 2 142)
                                                                                                                                               (224 1 143)
                                                                                                                                              (334 7 142)
                                                                                                                                               (299 2 143)
                                                                                                                                                (264 1 144)
                                                                                                                                               (366 4 143)
                                                                                                                                                (484 1 144)
                                                                                                                                                (415 2 144)
                                                                                                                                                 (193 1 145)
                                                                                                                                             (85 1 141)
                                                                                                                                        (22 2 136)
                                                                                                                                         (225 1 137)
                                                                                                                                      (109 4 134)
                                                                                                                                       (438 3 135)
                                                                                                                                        (309 2 136)
                                                                                                                                         (469 1 137)
                                                                                                                                      (482 1 134)
                                                                                                                                      (158 10 134)
                                                                                                                                       (71 2 135)
                                                                                                                                        (112 1 136)
                                                                                                                                       (94 7 135)
                                                                                                                                        (248 6 136)
                                                                                                                                         (467 3 137)
                                                                                                                                          (200 1 138)
                                                                                                                                          (140 1 138)
                                                                                                                                         (188 2 137)
                                                                                                                                          (389 1 138)
                                                                                                                                    (481 1 132)
                                                                                                                             (284 8 125)
                                                                                                                              (413 7 126)
                                                                                                                               (345 5 127)
                                                                                                                                (286 2 128)
                                                                                                                                 (401 1 129)
                                                                                                                                (23 2 128)
                                                                                                                                 (170 1 129)
                                                                                                                               (72 1 127)
                                                                                                                             (483 2 125)
                                                                                                                              (439 1 126)
                                                                                                               (240 2 111)
                                                                                                                (383 1 112)
                                                                                                             (490 20 109)
                                                                                                              (210 1 110)
                                                                                                              (154 18 110)
                                                                                                               (51 17 111)
                                                                                                                (340 16 112)
                                                                                                                 (65 2 113)
                                                                                                                  (421 1 114)
                                                                                                                 (217 13 113)
                                                                                                                  (394 8 114)
                                                                                                                   (134 7 115)
                                                                                                                    (370 6 116)
                                                                                                                     (291 5 117)
                                                                                                                      (258 3 118)
                                                                                                                       (14 1 119)
                                                                                                                       (10 1 119)
                                                                                                                      (479 1 118)
                                                                                                                  (254 3 114)
                                                                                                                   (186 2 115)
                                                                                                                    (403 1 116)
                                                                                                                  (73 1 114)
                                                                                                       (181 2 103)
                                                                                                        (115 1 104)
                                                                                              (220 6 94)
                                                                                               (184 5 95)
                                                                                                (70 4 96)
                                                                                                 (414 3 97)
                                                                                                  (307 1 98)
                                                                                                  (252 1 98)
                                                                                             (472 14 93)
                                                                                              (7 13 94)
                                                                                               (195 1 95)
                                                                                               (235 11 95)
                                                                                                (66 10 96)
                                                                                                 (468 9 97)
                                                                                                  (305 8 98)
                                                                                                   (270 2 99)
                                                                                                    (30 1 100)
                                                                                                   (378 5 99)
                                                                                                    (156 4 100)
                                                                                                     (95 2 101)
                                                                                                      (388 1 102)
                                                                                                     (187 1 101)
                                                                                         (297 2 89)
                                                                                          (125 1 90)
                                                                                   (385 17 83)
                                                                                    (137 16 84)
                                                                                     (390 14 85)
                                                                                      (365 1 86)
                                                                                      (26 12 86)
                                                                                       (325 11 87)
                                                                                        (101 1 88)
                                                                                        (24 9 88)
                                                                                         (203 6 89)
                                                                                          (386 5 90)
                                                                                           (91 4 91)
                                                                                            (62 3 92)
                                                                                             (205 2 93)
                                                                                              (411 1 94)
                                                                                         (49 2 89)
                                                                                          (500 1 90)
                                                                                     (204 1 85)
                                                                             (228 22 77)
                                                                              (380 3 78)
                                                                               (387 2 79)
                                                                                (88 1 80)
                                                                              (47 18 78)
                                                                               (261 1 79)
                                                                               (244 16 79)
                                                                                (90 4 80)
                                                                                 (166 3 81)
                                                                                  (227 2 82)
                                                                                   (129 1 83)
                                                                                (28 7 80)
                                                                                 (256 6 81)
                                                                                  (445 5 82)
                                                                                   (352 4 83)
                                                                                    (31 3 84)
                                                                                     (198 1 85)
                                                                                     (60 1 85)
                                                                                (61 1 80)
                                                                                (191 3 80)
                                                                                 (341 1 81)
                                                                                 (313 1 81)
                                                                             (44 1 77)
                                                                    (298 1 68)
                                                                    (33 4 68)
                                                                     (245 2 69)
                                                                      (48 1 70)
                                                                     (87 1 69)
                                                                 (329 3 65)
                                                                  (54 2 66)
                                                                   (266 1 67)
                                                                (353 3 64)
                                                                 (260 2 65)
                                                                  (39 1 66)
                                                               (473 7 63)
                                                                (41 6 64)
                                                                 (4 5 65)
                                                                  (78 2 66)
                                                                   (295 1 67)
                                                                  (300 1 66)
                                                                  (321 1 66)
                                                          (476 4 58)
                                                           (92 2 59)
                                                            (342 1 60)
                                                           (453 1 59)
                                                         (251 1 57)
                                                      (465 2 54)
                                                       (169 1 55)
                                             (361 1 45)
                                             (243 2 45)
                                              (343 1 46)
                                        (239 2 40)
                                         (192 1 41)
                                    (267 1 36)
                                    (351 1 36)
445.34391657500674
