-499 411
-497 308
-495 59
-494 148
-494 212
-494 407
-491 450
-489 9
-477 360
-476 127
-475 340
-474 418
-471 389
-467 21
-467 393
-465 152
-448 193
-446 346
-442 236
-440 223
-435 297
-431 132
-431 208
-421 252
-419 258
-419 271
-418 80
-414 344
-409 94
-409 203
-405 167
-401 179
-400 232
-398 299
-396 74
-392 433
-390 386
-387 139
-387 199
-386 172
-385 160
-382 283
-381 92
-371 221
-369 28
-368 403
-365 338
-360 195
-359 364
-353 311
-352 278
-352 436
-347 332
-344 317
-340 330
-338 369
-337 67
-337 371
-333 155
-332 142
-326 34
-324 48
-314 269
-311 254
-307 103
-306 320
-304 438
-300 447
-297 350
-296 440
-291 206
-288 409
-285 423
-282 87
-275 452
-273 101
-271 396
-261 119
-257 136
-255 0
-249 72
-247 83
-247 384
-246 116
-245 295
-233 23
-228 217
-224 108
-223 353
-215 444
-212 376
-207 214
-206 97
-202 5
-202 261
-201 62
-197 45
-190 323
-189 228
-184 239
-182 190
-172 314
-164 31
-161 165
-157 244
-157 303
-153 292
-147 106
-137 286
-134 14
-133 53
-100 55
-91 125
-89 288
-87 265
-85 249
-83 77
-74 51
-73 226
-63 276
-41 373
-38 379
-33 145
-24 431
-20 184
-20 357
-18 241
-12 401
-8 114
-2 326
1 362
13 38
16 18
16 415
17 99
24 454
33 421
36 158
52 305
77 3
123 112
127 355
127 427
152 123
168 36
187 187
190 425
197 367
204 64
204 110
204 175
219 42
259 170
307 391
341 40
-255	369	319	77	128	-202	-147	282	-26	-489	-443	-401	385	465	-134	126	304	179	16	112	473	-467	279	-233	66	76	408	148	-369	328	138	-164	492	-276	-326	170	168	189	13	383	341	426	219	337	-62	-197	263	338	-324	261	273	-74	-8	-133	318	-100	487	-196	-465	-495	-136	94	-201	491	204	323	156	-337	-99	115	179	184	-249	76	-396	265	500	-83	270	438	-418	401	-184	-247	-203	190	191	-282	-248	465	146	7	-381	326	-409	474	186	-206	447	17	156	-273	381	-307	-206	164	-147	58	-224	284	204	267	123	141	-8	225	-246	12	399	-261	-104	191	390	152	313	-91	8	-476	-363	-183	-280	-282	-431	366	89	-166	-257	132	98	-387	389	-219	-332	227	386	-33	361	-308	-494	-33	110	423	-465	-417	496	-333	-259	402	36	380	-385	-329	283	389	396	-161	466	-405	-293	442	259	377	-386	-386	329	204	438	346	-185	-401	-219	213	351	-18	-20	364	319	187	197	122	-182	-126	-211	-448	44	-360	-345	-147	480	-387	222	92	-262	-409	163	323	-291	-61	-431	-288	-309	-490	-494	328	-207	398	475	-228	-37	44	227	-371	-91	-440	220	39	-73	80	-189	37	94	-96	-400	-380	172	-179	-442	-119	411	-184	218	-18	170	430	-157	345	418	390	-39	-85	216	-197	-421	328	-311	160	432	104	-419	-140	-115	-202	58	415	473	-87	475	430	114	-314	430	-419	375	258	255	42	-63	54	-352	-337	-180	-31	441	-382	-176	209	-137	171	-89	155	421	308	-153	254	-210	-245	373	-435	-29	-398	326	297	81	-157	254	52	479	356	-497	-16	109	-353	-20	-122	-172	23	20	-344	203	372	-306	-9	238	-190	495	9	-2	125	150	-180	-340	-1	-347	-269	-181	-15	83	-304	-365	490	-475	161	422	440	-414	380	-446	-404	-352	-144	-297	-62	-23	-223	359	127	183	-20	93	-285	-477	223	1	131	-359	-74	321	197	452	-338	367	-337	183	-41	218	-75	-212	208	188	-38	91	332	388	-185	-247	405	-390	-371	313	-471	457	307	494	-467	-225	-3	-271	-164	-120	101	385	-12	234	-368	-317	167	241	-494	-279	-288	452	-499	372	464	234	16	40	264	-474	-400	429	33	495	-285	201	190	328	127	286	312	100	-24	409	-392	183	-69	-352	-56	-304	-261	-296	-140	453	253	-215	195	288	-300	10	-104	-491	275	-275	175	24	387	408
1	2	1	1	1	1	2	2	1	1	2	3	4	1	1	2	2	1	1	2	1	1	1	1	2	3	2	1	1	2	1	1	2	1	1	1	1	1	1	1	1	1	1	2	1	1	2	1	1	2	1	1	1	1	1	1	3	2	1	1	2	1	1	1	1	2	1	1	2	3	4	1	1	1	1	2	1	1	2	1	1	2	1	1	2	3	1	1	2	3	2	1	1	1	1	2	1	1	1	1	1	1	1	1	2	1	1	1	1	1	1	1	1	1	1	1	1	2	1	1	2	3	1	1	1	1	1	1	2	3	2	1	1	3	2	1	1	2	1	1	2	1	1	2	1	1	2	1	1	2	3	1	1	2	1	1	2	1	1	1	1	2	3	4	1	1	1	1	2	1	1	1	1	1	1	1	3	2	1	1	2	3	2	1	1	2	1	1	2	1	1	2	1	1	1	1	2	3	1	1	3	2	1	1	2	1	1	1	1	3	2	1	1	1	1	2	1	1	2	3	1	1	1	1	2	1	1	1	1	2	2	1	1	2	2	1	1	2	1	1	1	1	2	1	1	2	3	2	1	1	2	1	1	1	1	2	2	1	1	2	1	1	2	3	1	1	3	2	1	1	1	1	4	3	2	1	1	1	1	2	3	4	1	1	2	1	1	1	1	2	2	1	1	2	1	1	1	1	1	1	3	2	1	1	1	1	2	1	1	2	1	1	2	1	1	2	1	1	2	1	1	2	1	1	2	1	1	2	2	1	1	1	1	2	3	4	2	1	1	1	1	2	3	1	1	1	1	2	3	1	1	2	1	1	1	1	1	1	2	1	1	1	1	1	1	2	1	1	1	1	1	1	1	1	2	1	1	2	1	1	2	3	2	1	1	1	1	2	1	1	1	1	1	1	2	1	1	2	3	4	1	1	1	1	2	3	1	1	1	1	2	1	2	3	2	1	1	2	1	1	2	1	1	1	1	1	1	1	1	2	2	1	1	1	1	2	1	1	1	1	1	1	2	2	1	1	2	1	1	2	1	1	1	1	1	1	2
649
